(48.169668797210925, 0.5183033347129822, 0.001, 0.0, (128, 64))
(75.01452643811737, 0.22292719781398773, 0.001, 0.0, (64, 32, 16))
(71.84776292852993, 0.25179561972618103, 0.001, 0.0, (128, 64, 32, 16))
(79.34340499709471, 0.18840134143829346, 0.001, 0.0, (128, 32, 8))
(48.169668797210925, 0.5183033347129822, 0.001, 0.1, (128, 64))
(75.82800697269029, 0.2198682576417923, 0.001, 0.1, (64, 32, 16))
(73.44567112144102, 0.2091643065214157, 0.001, 0.1, (128, 64, 32, 16))
(68.88436955258571, 0.22515377402305603, 0.001, 0.1, (128, 32, 8))
(48.169668797210925, 0.5183033347129822, 0.001, 0.2, (128, 64))
(48.169668797210925, 0.5183033347129822, 0.001, 0.2, (64, 32, 16))
(75.65368971528181, 0.2157948613166809, 0.001, 0.2, (128, 64, 32, 16))
(48.169668797210925, 0.2729053199291229, 0.001, 0.2, (128, 32, 8))
(48.169668797210925, 0.5183033347129822, 0.001, 0.3, (128, 64))
(75.68274259151656, 0.1900724321603775, 0.001, 0.3, (64, 32, 16))
(72.31260894828588, 0.20703378319740295, 0.001, 0.3, (128, 64, 32, 16))
(48.169668797210925, 0.27293455600738525, 0.001, 0.3, (128, 32, 8))
(48.169668797210925, 0.5183033347129822, 0.001, 0.4, (128, 64))
(48.169668797210925, 0.272944837808609, 0.001, 0.4, (64, 32, 16))
(75.7117954677513, 0.20812438428401947, 0.001, 0.4, (128, 64, 32, 16))
(80.21499128413713, 0.1633506417274475, 0.001, 0.4, (128, 32, 8))
(78.47181871005229, 0.18876303732395172, 0.0001, 0.0, (128, 64))
(74.17199302730971, 0.223964124917984, 0.0001, 0.0, (64, 32, 16))
(73.50377687391051, 0.236746147274971, 0.0001, 0.0, (128, 64, 32, 16))
(74.8402091807089, 0.21602120995521545, 0.0001, 0.0, (128, 32, 8))
(78.44276583381755, 0.17912505567073822, 0.0001, 0.1, (128, 64))
(81.69668797210925, 0.1640687733888626, 0.0001, 0.1, (64, 32, 16))
(80.65078442765834, 0.1648833304643631, 0.0001, 0.1, (128, 64, 32, 16))
(71.6443927948867, 0.25841668248176575, 0.0001, 0.1, (128, 32, 8))
(80.53457292271935, 0.15904146432876587, 0.0001, 0.2, (128, 64))
(78.9076118535735, 0.17985858023166656, 0.0001, 0.2, (64, 32, 16))
(76.03137710633352, 0.20831848680973053, 0.0001, 0.2, (128, 64, 32, 16))
(75.01452643811737, 0.2162216454744339, 0.0001, 0.2, (128, 32, 8))
(48.169668797210925, 0.5183033347129822, 0.0001, 0.3, (128, 64))
(75.59558396281231, 0.2049703299999237, 0.0001, 0.3, (64, 32, 16))
(77.83265543288786, 0.19520992040634155, 0.0001, 0.3, (128, 64, 32, 16))
(77.89076118535735, 0.18555085361003876, 0.0001, 0.3, (128, 32, 8))
(48.169668797210925, 0.5183033347129822, 0.0001, 0.4, (128, 64))
(82.01626961069145, 0.1503971964120865, 0.0001, 0.4, (64, 32, 16))
(80.6217315514236, 0.15525002777576447, 0.0001, 0.4, (128, 64, 32, 16))
(79.37245787332947, 0.16894970834255219, 0.0001, 0.4, (128, 32, 8))
(51.830331202789075, 0.4816966950893402, 1e-05, 0.0, (128, 64))
(48.169668797210925, 0.5183033347129822, 1e-05, 0.0, (64, 32, 16))
(78.965717606043, 0.15771913528442383, 1e-05, 0.0, (128, 64, 32, 16))
(73.85241138872749, 0.19757138192653656, 1e-05, 0.0, (128, 32, 8))
(48.169668797210925, 0.5183033347129822, 1e-05, 0.1, (128, 64))
(78.44276583381755, 0.14400219917297363, 1e-05, 0.1, (64, 32, 16))
(78.44276583381755, 0.1465388983488083, 1e-05, 0.1, (128, 64, 32, 16))
(82.82975014526438, 0.1277833878993988, 1e-05, 0.1, (128, 32, 8))
(48.169668797210925, 0.5183033347129822, 1e-05, 0.2, (128, 64))
(75.97327135386404, 0.1758887618780136, 1e-05, 0.2, (64, 32, 16))
(80.04067402672865, 0.15074506402015686, 1e-05, 0.2, (128, 64, 32, 16))
(69.75595583962813, 0.18420656025409698, 1e-05, 0.2, (128, 32, 8))
(48.169668797210925, 0.5183033347129822, 1e-05, 0.3, (128, 64))
(72.1382916908774, 0.19306154549121857, 1e-05, 0.3, (64, 32, 16))
(80.04067402672865, 0.14481793344020844, 1e-05, 0.3, (128, 64, 32, 16))
(59.18070889018013, 0.2093026041984558, 1e-05, 0.3, (128, 32, 8))
(48.169668797210925, 0.5183033347129822, 1e-05, 0.4, (128, 64))
(57.088901801278325, 0.21293893456459045, 1e-05, 0.4, (64, 32, 16))
(79.34340499709471, 0.19489437341690063, 1e-05, 0.4, (128, 64, 32, 16))
(48.169668797210925, 0.2584943175315857, 1e-05, 0.4, (128, 32, 8))
(81.63858221963974, 0.15202955901622772, 1e-06, 0.0, (128, 64))
(78.18128994770483, 0.15651212632656097, 1e-06, 0.0, (64, 32, 16))
(74.81115630447414, 0.1782349795103073, 1e-06, 0.0, (128, 64, 32, 16))
(74.08483439860547, 0.19556738436222076, 1e-06, 0.0, (128, 32, 8))
(48.169668797210925, 0.5183033347129822, 1e-06, 0.1, (128, 64))
(64.38117373619988, 0.24882028996944427, 1e-06, 0.1, (64, 32, 16))
(48.9540964555491, 0.2698534429073334, 1e-06, 0.1, (128, 64, 32, 16))
(47.96629866356769, 0.2513899803161621, 1e-06, 0.1, (128, 32, 8))
(48.169668797210925, 0.5183033347129822, 1e-06, 0.2, (128, 64))
(56.507844276583384, 0.3270922303199768, 1e-06, 0.2, (64, 32, 16))
(58.30912260313771, 0.23626945912837982, 1e-06, 0.2, (128, 64, 32, 16))
(48.169668797210925, 0.5183033347129822, 1e-06, 0.2, (128, 32, 8))
(48.169668797210925, 0.5183033347129822, 1e-06, 0.3, (128, 64))
(48.169668797210925, 0.5183033347129822, 1e-06, 0.3, (64, 32, 16))
(53.80592678675189, 0.2632490396499634, 1e-06, 0.3, (128, 64, 32, 16))
(48.169668797210925, 0.2613198459148407, 1e-06, 0.3, (128, 32, 8))
(48.169668797210925, 0.5183033347129822, 1e-06, 0.4, (128, 64))
(48.169668797210925, 0.5183032155036926, 1e-06, 0.4, (64, 32, 16))
(47.879140034863454, 0.4408597946166992, 1e-06, 0.4, (128, 64, 32, 16))
(48.169668797210925, 0.5183033347129822, 1e-06, 0.4, (128, 32, 8))
(51.830331202789075, 0.4816966950893402, 1e-07, 0.0, (128, 64))
(48.169668797210925, 0.5183033347129822, 1e-07, 0.0, (64, 32, 16))
(63.42242882045323, 0.2333701252937317, 1e-07, 0.0, (128, 64, 32, 16))
(58.10575246949448, 0.3959463834762573, 1e-07, 0.0, (128, 32, 8))
(48.053457292271936, 0.5191900134086609, 1e-07, 0.1, (128, 64))
(48.169668797210925, 0.5183033347129822, 1e-07, 0.1, (64, 32, 16))
(48.750726321905866, 0.4481349289417267, 1e-07, 0.1, (128, 64, 32, 16))
(55.287623474724, 0.34476238489151, 1e-07, 0.1, (128, 32, 8))
(48.169668797210925, 0.5183033347129822, 1e-07, 0.2, (128, 64))
(48.169668797210925, 0.5182158350944519, 1e-07, 0.2, (64, 32, 16))
(48.169668797210925, 0.518296480178833, 1e-07, 0.2, (128, 64, 32, 16))
(51.01685066821615, 0.29236215353012085, 1e-07, 0.2, (128, 32, 8))
(48.169668797210925, 0.5183033347129822, 1e-07, 0.3, (128, 64))
(51.830331202789075, 0.4816966950893402, 1e-07, 0.3, (64, 32, 16))
(48.169668797210925, 0.5079782009124756, 1e-07, 0.3, (128, 64, 32, 16))
(48.169668797210925, 0.5183033347129822, 1e-07, 0.3, (128, 32, 8))
(49.47704822777455, 0.4855637550354004, 1e-07, 0.4, (128, 64))
(48.169668797210925, 0.5183033347129822, 1e-07, 0.4, (64, 32, 16))
(47.9081929110982, 0.5128379464149475, 1e-07, 0.4, (128, 64, 32, 16))
(54.2417199302731, 0.35132643580436707, 1e-07, 0.4, (128, 32, 8))
(48.169668797210925, 0.5183033347129822, 1e-08, 0.0, (128, 64))
(48.169668797210925, 0.5183033347129822, 1e-08, 0.0, (64, 32, 16))
(48.169668797210925, 0.5183009505271912, 1e-08, 0.0, (128, 64, 32, 16))
(48.169668797210925, 0.5183033347129822, 1e-08, 0.0, (128, 32, 8))
(54.445090063916325, 0.44826701283454895, 1e-08, 0.1, (128, 64))
(51.830331202789075, 0.4816966950893402, 1e-08, 0.1, (64, 32, 16))
(48.169668797210925, 0.5183009505271912, 1e-08, 0.1, (128, 64, 32, 16))
(48.169668797210925, 0.5183033347129822, 1e-08, 0.1, (128, 32, 8))
(48.169668797210925, 0.5183033347129822, 1e-08, 0.2, (128, 64))
(50.87158628704242, 0.4629095494747162, 1e-08, 0.2, (64, 32, 16))
(48.169668797210925, 0.5182693600654602, 1e-08, 0.2, (128, 64, 32, 16))
(37.972109238814646, 0.5885197520256042, 1e-08, 0.2, (128, 32, 8))
(48.169668797210925, 0.5183033347129822, 1e-08, 0.3, (128, 64))
(51.830331202789075, 0.48156222701072693, 1e-08, 0.3, (64, 32, 16))
(51.830331202789075, 0.4816966950893402, 1e-08, 0.3, (128, 64, 32, 16))
(48.169668797210925, 0.5182656049728394, 1e-08, 0.3, (128, 32, 8))
(48.169668797210925, 0.5183033347129822, 1e-08, 0.4, (128, 64))
(39.22138291690877, 0.5484567880630493, 1e-08, 0.4, (64, 32, 16))
(51.830331202789075, 0.48120418190956116, 1e-08, 0.4, (128, 64, 32, 16))
(51.830331202789075, 0.4804980456829071, 1e-08, 0.4, (128, 32, 8))
(51.830331202789075, 0.4816959500312805, 1e-09, 0.0, (128, 64))
(51.830331202789075, 0.4816966950893402, 1e-09, 0.0, (64, 32, 16))
(48.169668797210925, 0.5183033347129822, 1e-09, 0.0, (128, 64, 32, 16))
(48.169668797210925, 0.5183033347129822, 1e-09, 0.0, (128, 32, 8))
(48.169668797210925, 0.5183033347129822, 1e-09, 0.1, (128, 64))
(48.57640906449738, 0.5111855864524841, 1e-09, 0.1, (64, 32, 16))
(48.169668797210925, 0.5183011293411255, 1e-09, 0.1, (128, 64, 32, 16))
(50.75537478210343, 0.4839990437030792, 1e-09, 0.1, (128, 32, 8))
(47.8500871586287, 0.5174837112426758, 1e-09, 0.2, (128, 64))
(57.78617083091226, 0.4016670286655426, 1e-09, 0.2, (64, 32, 16))
(48.169668797210925, 0.5183033347129822, 1e-09, 0.2, (128, 64, 32, 16))
(48.169668797210925, 0.5183029174804688, 1e-09, 0.2, (128, 32, 8))
(51.830331202789075, 0.4816966950893402, 1e-09, 0.3, (128, 64))
(45.87449157466589, 0.5173781514167786, 1e-09, 0.3, (64, 32, 16))
(51.830331202789075, 0.4816966950893402, 1e-09, 0.3, (128, 64, 32, 16))
(46.74607786170831, 0.5065878033638, 1e-09, 0.3, (128, 32, 8))
(48.169668797210925, 0.5183033347129822, 1e-09, 0.4, (128, 64))
(51.830331202789075, 0.4816916882991791, 1e-09, 0.4, (64, 32, 16))
(51.27832655432888, 0.37089070677757263, 1e-09, 0.4, (128, 64, 32, 16))
(48.169668797210925, 0.5182399749755859, 1e-09, 0.4, (128, 32, 8))
