(51.830331202789075, 0.4816966950893402, 0.001, 0.0, (128, 64))
(48.169668797210925, 0.5183033347129822, 0.001, 0.0, (64, 32, 16))
(68.15804764671702, 0.3055407404899597, 0.001, 0.0, (128, 64, 32, 16))
(48.169668797210925, 0.5183033347129822, 0.001, 0.0, (128, 32, 8))
(48.169668797210925, 0.5183033347129822, 0.001, 0.1, (128, 64))
(48.169668797210925, 0.5183033347129822, 0.001, 0.1, (64, 32, 16))
(75.36316095293434, 0.2080020010471344, 0.001, 0.1, (128, 64, 32, 16))
(48.169668797210925, 0.2732870578765869, 0.001, 0.1, (128, 32, 8))
(48.169668797210925, 0.5183033347129822, 0.001, 0.2, (128, 64))
(73.47472399767577, 0.22591902315616608, 0.001, 0.2, (64, 32, 16))
(72.37071470075537, 0.20998680591583252, 0.001, 0.2, (128, 64, 32, 16))
(48.169668797210925, 0.27329570055007935, 0.001, 0.2, (128, 32, 8))
(48.169668797210925, 0.5183033347129822, 0.001, 0.3, (128, 64))
(48.169668797210925, 0.27330029010772705, 0.001, 0.3, (64, 32, 16))
(74.05578152237071, 0.218532532453537, 0.001, 0.3, (128, 64, 32, 16))
(48.169668797210925, 0.2732958495616913, 0.001, 0.3, (128, 32, 8))
(48.169668797210925, 0.5183033347129822, 0.001, 0.4, (128, 64))
(75.68274259151656, 0.22224028408527374, 0.001, 0.4, (64, 32, 16))
(48.169668797210925, 0.2733006477355957, 0.001, 0.4, (128, 64, 32, 16))
(48.169668797210925, 0.27330416440963745, 0.001, 0.4, (128, 32, 8))
(48.169668797210925, 0.5183033347129822, 0.0001, 0.0, (128, 64))
(75.50842533410808, 0.22286595404148102, 0.0001, 0.0, (64, 32, 16))
(76.58338175479372, 0.22321468591690063, 0.0001, 0.0, (128, 64, 32, 16))
(48.169668797210925, 0.5183033347129822, 0.0001, 0.0, (128, 32, 8))
(48.169668797210925, 0.5183033347129822, 0.0001, 0.1, (128, 64))
(76.72864613596747, 0.20746229588985443, 0.0001, 0.1, (64, 32, 16))
(79.02382335851249, 0.18935072422027588, 0.0001, 0.1, (128, 64, 32, 16))
(81.69668797210925, 0.17054219543933868, 0.0001, 0.1, (128, 32, 8))
(48.169668797210925, 0.5183033347129822, 0.0001, 0.2, (128, 64))
(80.0697269029634, 0.18084757030010223, 0.0001, 0.2, (64, 32, 16))
(79.31435212085997, 0.18006083369255066, 0.0001, 0.2, (128, 64, 32, 16))
(48.169668797210925, 0.2733180820941925, 0.0001, 0.2, (128, 32, 8))
(48.169668797210925, 0.5183033347129822, 0.0001, 0.3, (128, 64))
(81.43521208599651, 0.16961660981178284, 0.0001, 0.3, (64, 32, 16))
(78.58803021499128, 0.18510733544826508, 0.0001, 0.3, (128, 64, 32, 16))
(81.98721673445671, 0.16047896444797516, 0.0001, 0.3, (128, 32, 8))
(48.169668797210925, 0.5183033347129822, 0.0001, 0.4, (128, 64))
(77.10633352701917, 0.18670731782913208, 0.0001, 0.4, (64, 32, 16))
(76.29285299244626, 0.21221521496772766, 0.0001, 0.4, (128, 64, 32, 16))
(76.00232423009878, 0.22204434871673584, 0.0001, 0.4, (128, 32, 8))
(48.169668797210925, 0.5183033347129822, 1e-05, 0.0, (128, 64))
(80.36025566531086, 0.15926332771778107, 1e-05, 0.0, (64, 32, 16))
(78.50087158628705, 0.18739546835422516, 1e-05, 0.0, (128, 64, 32, 16))
(76.49622312608949, 0.18285615742206573, 1e-05, 0.0, (128, 32, 8))
(76.00232423009878, 0.17368312180042267, 1e-05, 0.1, (128, 64))
(77.28065078442766, 0.17360533773899078, 1e-05, 0.1, (64, 32, 16))
(78.76234747239977, 0.17672085762023926, 1e-05, 0.1, (128, 64, 32, 16))
(81.40615920976177, 0.13325484097003937, 1e-05, 0.1, (128, 32, 8))
(48.169668797210925, 0.5183033347129822, 1e-05, 0.2, (128, 64))
(81.98721673445671, 0.12498628348112106, 1e-05, 0.2, (64, 32, 16))
(75.74084834398606, 0.19343891739845276, 1e-05, 0.2, (128, 64, 32, 16))
(76.23474723997676, 0.1725376695394516, 1e-05, 0.2, (128, 32, 8))
(48.169668797210925, 0.5183033347129822, 1e-05, 0.3, (128, 64))
(75.7699012202208, 0.16423173248767853, 1e-05, 0.3, (64, 32, 16))
(75.82800697269029, 0.17032940685749054, 1e-05, 0.3, (128, 64, 32, 16))
(80.30214991284137, 0.14949864149093628, 1e-05, 0.3, (128, 32, 8))
(71.76060429982569, 0.1906014084815979, 1e-05, 0.4, (128, 64))
(65.10749564206857, 0.2192957103252411, 1e-05, 0.4, (64, 32, 16))
(77.91981406159209, 0.15777668356895447, 1e-05, 0.4, (128, 64, 32, 16))
(78.18128994770483, 0.1484294980764389, 1e-05, 0.4, (128, 32, 8))
(75.18884369552586, 0.2096460461616516, 1e-06, 0.0, (128, 64))
(77.68739105171412, 0.16526392102241516, 1e-06, 0.0, (64, 32, 16))
(77.9779198140616, 0.16350017488002777, 1e-06, 0.0, (128, 64, 32, 16))
(80.0116211504939, 0.1722688227891922, 1e-06, 0.0, (128, 32, 8))
(48.169668797210925, 0.5183033347129822, 1e-06, 0.1, (128, 64))
(48.4020918070889, 0.2478685975074768, 1e-06, 0.1, (64, 32, 16))
(76.99012202208019, 0.15628471970558167, 1e-06, 0.1, (128, 64, 32, 16))
(48.169668797210925, 0.25338372588157654, 1e-06, 0.1, (128, 32, 8))
(48.169668797210925, 0.5183033347129822, 1e-06, 0.2, (128, 64))
(48.22777454968042, 0.24573563039302826, 1e-06, 0.2, (64, 32, 16))
(71.06333527019174, 0.2136382907629013, 1e-06, 0.2, (128, 64, 32, 16))
(48.169668797210925, 0.24662016332149506, 1e-06, 0.2, (128, 32, 8))
(48.169668797210925, 0.5183033347129822, 1e-06, 0.3, (128, 64))
(48.31493317838466, 0.25965574383735657, 1e-06, 0.3, (64, 32, 16))
(72.0220801859384, 0.22208689153194427, 1e-06, 0.3, (128, 64, 32, 16))
(48.19872167344567, 0.2569141983985901, 1e-06, 0.3, (128, 32, 8))
(48.169668797210925, 0.5183033347129822, 1e-06, 0.4, (128, 64))
(48.169668797210925, 0.2536972761154175, 1e-06, 0.4, (64, 32, 16))
(55.02614758861127, 0.2509552538394928, 1e-06, 0.4, (128, 64, 32, 16))
(48.053457292271936, 0.47881609201431274, 1e-06, 0.4, (128, 32, 8))
(64.17780360255665, 0.34346461296081543, 1e-07, 0.0, (128, 64))
(69.9302730970366, 0.21231131255626678, 1e-07, 0.0, (64, 32, 16))
(72.28355607205113, 0.19578705728054047, 1e-07, 0.0, (128, 64, 32, 16))
(48.169668797210925, 0.26724693179130554, 1e-07, 0.0, (128, 32, 8))
(56.15920976176641, 0.4335666298866272, 1e-07, 0.1, (128, 64))
(48.489250435793146, 0.4901774227619171, 1e-07, 0.1, (64, 32, 16))
(45.78733294596165, 0.3340663015842438, 1e-07, 0.1, (128, 64, 32, 16))
(48.169668797210925, 0.5183033347129822, 1e-07, 0.1, (128, 32, 8))
(48.169668797210925, 0.5183033347129822, 1e-07, 0.2, (128, 64))
(48.169668797210925, 0.5182925462722778, 1e-07, 0.2, (64, 32, 16))
(48.169668797210925, 0.5173378586769104, 1e-07, 0.2, (128, 64, 32, 16))
(48.169668797210925, 0.5183011889457703, 1e-07, 0.2, (128, 32, 8))
(48.169668797210925, 0.5183033347129822, 1e-07, 0.3, (128, 64))
(48.169668797210925, 0.5183027982711792, 1e-07, 0.3, (64, 32, 16))
(48.169668797210925, 0.518297553062439, 1e-07, 0.3, (128, 64, 32, 16))
(49.85473561882626, 0.30089280009269714, 1e-07, 0.3, (128, 32, 8))
(48.169668797210925, 0.5183033347129822, 1e-07, 0.4, (128, 64))
(48.169668797210925, 0.5183033347129822, 1e-07, 0.4, (64, 32, 16))
(52.06275421266705, 0.4708212614059448, 1e-07, 0.4, (128, 64, 32, 16))
(48.024404416037186, 0.518153190612793, 1e-07, 0.4, (128, 32, 8))
(41.92330040674027, 0.5525410175323486, 1e-08, 0.0, (128, 64))
(48.169668797210925, 0.518304705619812, 1e-08, 0.0, (64, 32, 16))
(53.37013364323068, 0.36135488748550415, 1e-08, 0.0, (128, 64, 32, 16))
(48.169668797210925, 0.51740562915802, 1e-08, 0.0, (128, 32, 8))
(48.169668797210925, 0.5183033347129822, 1e-08, 0.1, (128, 64))
(49.38988959907031, 0.48420029878616333, 1e-08, 0.1, (64, 32, 16))
(51.30737943056363, 0.43542125821113586, 1e-08, 0.1, (128, 64, 32, 16))
(61.79546775130738, 0.3426472842693329, 1e-08, 0.1, (128, 32, 8))
(48.169668797210925, 0.5183033347129822, 1e-08, 0.2, (128, 64))
(52.0918070889018, 0.4555760622024536, 1e-08, 0.2, (64, 32, 16))
(51.830331202789075, 0.4816960096359253, 1e-08, 0.2, (128, 64, 32, 16))
(48.169668797210925, 0.5102818608283997, 1e-08, 0.2, (128, 32, 8))
(51.830331202789075, 0.4816966950893402, 1e-08, 0.3, (128, 64))
(48.169668797210925, 0.518295168876648, 1e-08, 0.3, (64, 32, 16))
(62.20220801859384, 0.3352438509464264, 1e-08, 0.3, (128, 64, 32, 16))
(51.830331202789075, 0.4816966950893402, 1e-08, 0.3, (128, 32, 8))
(48.169668797210925, 0.5183033347129822, 1e-08, 0.4, (128, 64))
(48.169668797210925, 0.5183064341545105, 1e-08, 0.4, (64, 32, 16))
(48.169668797210925, 0.5182293057441711, 1e-08, 0.4, (128, 64, 32, 16))
(51.830331202789075, 0.4812872111797333, 1e-08, 0.4, (128, 32, 8))
(39.105171411969785, 0.5894685983657837, 1e-09, 0.0, (128, 64))
(48.169668797210925, 0.51829993724823, 1e-09, 0.0, (64, 32, 16))
(48.08251016850668, 0.46346697211265564, 1e-09, 0.0, (128, 64, 32, 16))
(56.91458454386984, 0.4105091392993927, 1e-09, 0.0, (128, 32, 8))
(51.830331202789075, 0.4816966950893402, 1e-09, 0.1, (128, 64))
(51.830331202789075, 0.4816966950893402, 1e-09, 0.1, (64, 32, 16))
(48.779779198140616, 0.49124273657798767, 1e-09, 0.1, (128, 64, 32, 16))
(30.796048808832076, 0.6294586658477783, 1e-09, 0.1, (128, 32, 8))
(51.830331202789075, 0.4816966950893402, 1e-09, 0.2, (128, 64))
(52.61475886112725, 0.47168460488319397, 1e-09, 0.2, (64, 32, 16))
(48.169668797210925, 0.518271803855896, 1e-09, 0.2, (128, 64, 32, 16))
(45.58396281231842, 0.5270625948905945, 1e-09, 0.2, (128, 32, 8))
(48.489250435793146, 0.49540889263153076, 1e-09, 0.3, (128, 64))
(48.169668797210925, 0.5183033347129822, 1e-09, 0.3, (64, 32, 16))
(48.169668797210925, 0.518300473690033, 1e-09, 0.3, (128, 64, 32, 16))
(51.830331202789075, 0.4816966950893402, 1e-09, 0.3, (128, 32, 8))
(48.169668797210925, 0.5183033347129822, 1e-09, 0.4, (128, 64))
(48.169668797210925, 0.5183033347129822, 1e-09, 0.4, (64, 32, 16))
(46.74607786170831, 0.5100712776184082, 1e-09, 0.4, (128, 64, 32, 16))
(47.70482277745497, 0.46620604395866394, 1e-09, 0.4, (128, 32, 8))
